0 0
0 0
0 0
0 0
0 0
0 0
0 0
1 9559
1 9559
1 9559
1 9559
1 9559
1 9559
1 9559
1 9559
1 9559
1 9559
1 9559
1 9559
1 9559
1 9559
1 9559
1 9559
1 9559
1 9559
1 9559
1 9559
1 9559
1 9559
1 9559
1 9559
1 9559
1 9559
1 9559
1 9559
1 9559
1 9559
1 9559
1 9559
1 9559
1 9559
1 9559
3 22403
3 22403
3 22403
3 22403
3 22403
3 22403
3 22403
3 22403
3 22403
3 22403
3 22403
3 22403
6 37659
6 37659
6 37659
9 54380
9 54380
9 54380
9 54380
9 54380
11 61963
11 61963
11 61963
11 61963
11 61963
11 61963
13 72166
13 72166
17 83773
18 90329
18 90329
18 90329
18 90329
18 90329
18 90329
18 90329
18 90329
18 90329
18 90329
18 90329
18 90329
18 90329
18 90329
18 90329
18 90329
18 90329
18 90329
18 90329
18 90329
18 90329
18 90329
18 90329
20 101883
20 101883
20 101883
22 119124
22 119124
25 135905
26 138962
26 138962
29 150630
29 150630
32 155784
32 155784
32 155784
32 155784
32 155784
32 155784
32 155784
34 165492
34 165492
34 165492
34 165492
34 165492
34 165492
37 180540
37 180540
38 187329
38 187329
38 187329
38 187329
38 187329
38 187329
38 187329
38 187329
38 187329
38 187329
38 187329
40 202758
40 202758
42 214088
42 214088
42 214088
42 214088
42 214088
42 214088
42 214088
42 214088
42 214088
42 214088
42 214088
42 214088
42 214088
42 214088
42 214088
42 214088
42 214088
42 214088
42 214088
42 214088
42 214088
42 214088
42 214088
42 214088
42 214088
42 214088
44 225544
44 225544
44 225544
44 225544
44 225544
44 225544
44 225544
44 225544
47 233160
49 245770
49 245770
49 245770
49 245770
49 245770
49 245770
49 245770
49 245770
49 245770
49 245770
49 245770
51 254986
51 254986
51 254986
51 254986
51 254986
51 254986
51 254986
53 262802
53 262802
53 262802
54 265457
54 265457
54 265457
54 265457
54 265457
54 265457
55 269139
55 269139
55 269139
55 269139
56 271023
56 271023
56 271023
56 271023
59 283982
59 283982
59 283982
59 283982
59 283982
59 283982
59 283982
59 283982
59 283982
59 283982
59 283982
59 283982
59 283982
59 283982
59 283982
59 283982
62 295494
62 295494
62 295494
62 295494
62 295494
62 295494
62 295494
62 295494
62 295494
62 295494
62 295494
62 295494
62 295494
62 295494
62 295494
62 295494
62 295494
62 295494
62 295494
62 295494
62 295494
65 304954
65 304954
65 304954
66 309437
66 309437
66 309437
69 329139
69 329139
69 329139
69 329139
72 343331
72 343331
72 343331
72 343331
72 343331
72 343331
72 343331
75 361886
75 361886
78 374003
78 374003
78 374003
78 374003
80 382075
80 382075
80 382075
80 382075
80 382075
80 382075
82 392056
82 392056
82 392056
84 404023
84 404023
84 404023
84 404023
84 404023
84 404023
84 404023
84 404023
84 404023
84 404023
86 412207
86 412207
86 412207
86 412207
86 412207
86 412207
86 412207
86 412207
86 412207
86 412207
88 420133
88 420133
88 420133
88 420133
88 420133
88 420133
88 420133
88 420133
89 424606
89 424606
89 424606
90 425163
90 425163
90 425163
90 425163
90 425163
90 425163
90 425163
90 425163
90 425163
90 425163
90 425163
90 425163
90 425163
90 425163
90 425163
90 425163
90 425163
90 425163
93 436855
93 436855
93 436855
93 436855
93 436855
93 436855
93 436855
93 436855
93 436855
93 436855
93 436855
93 436855
93 436855
93 436855
93 436855
93 436855
93 436855
93 436855
93 436855
93 436855
95 449431
95 449431
95 449431
95 449431
95 449431
95 449431
95 449431
95 449431
95 449431
95 449431
95 449431
95 449431
95 449431
95 449431
95 449431
95 449431
97 463468
97 463468
100 482049
100 482049
100 482049
100 482049
101 491642
101 491642
101 491642
101 491642
101 491642
101 491642
101 491642
101 491642
101 491642
101 491642
101 491642
101 491642
101 491642
101 491642
101 491642
101 491642
101 491642
101 491642
101 491642
101 491642
101 491642
101 491642
101 491642
101 491642
101 491642
101 491642
101 491642
101 491642
101 491642
101 491642
101 491642
101 491642
101 491642
101 491642
101 491642
101 491642
101 491642
101 491642
101 491642
101 491642
101 491642
101 491642
101 491642
101 491642
101 491642
101 491642
101 491642
101 491642
101 491642
101 491642
101 491642
101 491642
101 491642
101 491642
101 491642
101 491642
101 491642
101 491642
101 491642
101 491642
101 491642
101 491642
101 491642
101 491642
101 491642
101 491642
101 491642
101 491642
101 491642
101 491642
101 491642
101 491642
101 491642
101 491642
101 491642
101 491642
101 491642
101 491642
101 491642
101 491642
101 491642
101 491642
101 491642
101 491642
101 491642
101 491642
101 491642
101 491642
101 491642
101 491642
101 491642
101 491642
101 491642
101 491642
101 491642
101 491642
101 491642
101 491642
101 491642
101 491642
101 491642
101 491642
101 491642
101 491642
101 491642
101 491642
101 491642
101 491642
101 491642
101 491642
101 491642
101 491642
101 491642
101 491642
101 491642
101 491642
101 491642
101 491642
101 491642
101 491642
101 491642
101 491642
101 491642
101 491642
101 491642
101 491642
101 491642
101 491642
101 491642
101 491642
101 491642
101 491642
101 491642
101 491642
101 491642
101 491642
101 491642
101 491642
101 491642
101 491642
101 491642
101 491642
101 491642
101 491642
101 491642
101 491642
101 491642
101 491642
101 491642
101 491642
101 491642
101 491642
101 491642
101 491642
101 491642
101 491642
101 491642
101 491642
101 491642
101 491642
101 491642
101 491642
101 491642
101 491642
101 491642
101 491642
101 491642
101 491642
101 491642
101 491642
101 491642
101 491642
101 491642
101 491642
101 491642
101 491642
101 491642
101 491642
101 491642
101 491642
101 491642
101 491642
101 491642
101 491642
101 491642
101 491642
101 491642
101 491642
101 491642
101 491642
101 491642
101 491642
101 491642
101 491642
101 491642
101 491642
101 491642
101 491642
101 491642
101 491642
101 491642
101 491642
101 491642
101 491642
101 491642
101 491642
101 491642
101 491642
101 491642
101 491642
101 491642
101 491642
101 491642
101 491642
101 491642
101 491642
101 491642
101 491642
101 491642
101 491642
101 491642
101 491642
101 491642
101 491642
101 491642
101 491642
101 491642
101 491642
101 491642
101 491642
102 491684
102 491684
